174 80 1000.0 2.0 compute
45 178 1000.0 2.0 compute
146 44 1000.0 2.0 overlay
178 125 1000.0 2.0 compute
178 118 1000.0 2.0 compute
68 161 1000.0 2.0 overlay
178 80 1000.0 2.0 compute
143 114 1000.0 2.0 compute
37 119 1000.0 2.0 overlay
52 114 1000.0 2.0 compute
196 114 1000.0 2.0 compute
155 24 1000.0 2.0 overlay
181 114 1000.0 2.0 compute
189 143 1000.0 2.0 compute
189 52 1000.0 2.0 compute
189 196 1000.0 2.0 compute
0 37 1000.0 2.0 overlay
189 181 1000.0 2.0 compute
118 104 1000.0 2.0 compute
99 118 1000.0 2.0 compute
104 196 1000.0 2.0 compute
61 175 1000.0 2.0 overlay
99 196 1000.0 2.0 compute
150 104 1000.0 2.0 compute
37 1 1000.0 2.0 overlay
98 104 1000.0 2.0 compute
99 100 1000.0 2.0 compute
148 42 1000.0 2.0 overlay
101 99 1000.0 2.0 compute
45 55 1000.0 2.0 compute
11 96 1000.0 2.0 overlay
165 45 1000.0 2.0 compute
55 143 1000.0 2.0 compute
153 122 1000.0 2.0 overlay
165 143 1000.0 2.0 compute
55 103 1000.0 2.0 compute
55 147 1000.0 2.0 compute
165 151 1000.0 2.0 compute
165 156 1000.0 2.0 compute
40 125 1000.0 2.0 compute
2 78 1000.0 2.0 overlay
125 76 1000.0 2.0 compute
40 181 1000.0 2.0 compute
181 76 1000.0 2.0 compute
40 107 1000.0 2.0 compute
37 176 1000.0 2.0 overlay
40 162 1000.0 2.0 compute
76 166 1000.0 2.0 compute
3 177 1000.0 2.0 overlay
111 76 1000.0 2.0 compute
73 80 1000.0 2.0 compute
149 74 1000.0 2.0 overlay
80 171 1000.0 2.0 compute
73 52 1000.0 2.0 compute
78 110 1000.0 2.0 overlay
52 171 1000.0 2.0 compute
73 48 1000.0 2.0 compute
84 123 1000.0 2.0 overlay
73 185 1000.0 2.0 compute
72 171 1000.0 2.0 compute
97 171 1000.0 2.0 compute
45 174 1000.0 2.0 compute
64 26 1000.0 2.0 overlay
46 28 1000.0 2.0 overlay
39 4 1000.0 2.0 overlay
28 70 1000.0 2.0 overlay
27 46 1000.0 2.0 overlay
179 199 1000.0 2.0 overlay
36 63 1000.0 2.0 overlay
5 169 1000.0 2.0 overlay
90 57 1000.0 2.0 overlay
70 152 1000.0 2.0 overlay
37 31 1000.0 2.0 overlay
78 38 1000.0 2.0 overlay
126 78 1000.0 2.0 overlay
192 37 1000.0 2.0 overlay
120 161 1000.0 2.0 overlay
6 21 1000.0 2.0 overlay
37 132 1000.0 2.0 overlay
180 183 1000.0 2.0 overlay
51 137 1000.0 2.0 overlay
155 7 1000.0 2.0 overlay
173 199 1000.0 2.0 overlay
79 154 1000.0 2.0 overlay
83 37 1000.0 2.0 overlay
165 46 1000.0 2.0 overlay
54 165 1000.0 2.0 overlay
127 61 1000.0 2.0 overlay
189 47 1000.0 2.0 overlay
45 50 1000.0 2.0 overlay
181 69 1000.0 2.0 overlay
174 69 1000.0 2.0 overlay
111 69 1000.0 2.0 overlay
153 151 1000.0 2.0 overlay
8 155 1000.0 2.0 overlay
118 21 1000.0 2.0 overlay
75 125 1000.0 2.0 overlay
40 81 1000.0 2.0 overlay
165 116 1000.0 2.0 overlay
77 182 1000.0 2.0 overlay
116 48 1000.0 2.0 overlay
178 128 1000.0 2.0 overlay
75 9 1000.0 2.0 overlay
96 99 1000.0 2.0 overlay
96 118 1000.0 2.0 overlay
157 61 1000.0 2.0 overlay
25 181 1000.0 2.0 overlay
25 52 1000.0 2.0 overlay
86 78 1000.0 2.0 overlay
124 80 1000.0 2.0 overlay
124 162 1000.0 2.0 overlay
64 130 1000.0 2.0 overlay
124 118 1000.0 2.0 overlay
28 125 1000.0 2.0 overlay
111 144 1000.0 2.0 overlay
30 165 1000.0 2.0 overlay
104 39 1000.0 2.0 overlay
42 150 1000.0 2.0 overlay
10 75 1000.0 2.0 overlay
185 42 1000.0 2.0 overlay
181 47 1000.0 2.0 overlay
102 33 1000.0 2.0 overlay
37 184 1000.0 2.0 overlay
174 125 1000.0 2.0 compute
174 118 1000.0 2.0 compute
12 85 1000.0 2.0 overlay
129 21 1000.0 2.0 overlay
158 75 1000.0 2.0 overlay
49 133 1000.0 2.0 overlay
37 89 1000.0 2.0 overlay
140 78 1000.0 2.0 overlay
29 177 1000.0 2.0 overlay
131 53 1000.0 2.0 overlay
30 29 1000.0 2.0 overlay
33 29 1000.0 2.0 overlay
35 29 1000.0 2.0 overlay
79 29 1000.0 2.0 overlay
30 66 1000.0 2.0 overlay
183 32 1000.0 2.0 overlay
34 13 1000.0 2.0 overlay
32 53 1000.0 2.0 overlay
32 34 1000.0 2.0 overlay
33 177 1000.0 2.0 normal
78 33 1000.0 2.0 overlay
43 33 1000.0 2.0 overlay
75 33 1000.0 2.0 overlay
14 78 1000.0 2.0 overlay
33 88 1000.0 2.0 overlay
81 159 1000.0 2.0 overlay
50 33 1000.0 2.0 overlay
49 34 1000.0 2.0 overlay
60 93 1000.0 2.0 overlay
54 35 1000.0 2.0 overlay
35 69 1000.0 2.0 overlay
134 87 1000.0 2.0 overlay
35 43 1000.0 2.0 normal
35 81 1000.0 2.0 overlay
35 88 1000.0 2.0 normal
64 39 1000.0 2.0 overlay
81 95 1000.0 2.0 overlay
161 39 1000.0 2.0 overlay
42 39 1000.0 2.0 overlay
30 15 1000.0 2.0 overlay
41 75 1000.0 2.0 overlay
41 66 1000.0 2.0 normal
41 169 1000.0 2.0 overlay
42 199 1000.0 2.0 overlay
77 42 1000.0 2.0 overlay
42 47 1000.0 2.0 overlay
18 42 1000.0 2.0 overlay
56 43 1000.0 2.0 overlay
78 160 1000.0 2.0 overlay
18 43 1000.0 2.0 overlay
155 44 1000.0 2.0 overlay
153 183 1000.0 2.0 overlay
183 85 1000.0 2.0 overlay
135 78 1000.0 2.0 overlay
46 50 1000.0 2.0 overlay
82 70 1000.0 2.0 overlay
70 58 1000.0 2.0 overlay
49 155 1000.0 2.0 overlay
67 49 1000.0 2.0 overlay
49 79 1000.0 2.0 overlay
16 61 1000.0 2.0 overlay
49 84 1000.0 2.0 overlay
53 85 1000.0 2.0 normal
53 58 1000.0 2.0 normal
153 56 1000.0 2.0 normal
69 58 1000.0 2.0 normal
82 60 1000.0 2.0 overlay
60 199 1000.0 2.0 normal
67 169 1000.0 2.0 normal
163 88 1000.0 2.0 overlay
67 71 1000.0 2.0 overlay
69 21 1000.0 2.0 overlay
77 153 1000.0 2.0 normal
87 33 1000.0 2.0 overlay
92 138 1000.0 2.0 overlay
87 94 1000.0 2.0 overlay
87 78 1000.0 2.0 normal
90 94 1000.0 2.0 overlay
54 94 1000.0 2.0 normal
193 37 1000.0 2.0 overlay
30 94 1000.0 2.0 normal
32 94 1000.0 2.0 normal
17 37 1000.0 2.0 overlay
39 94 1000.0 2.0 normal
42 94 1000.0 2.0 normal
90 91 1000.0 2.0 overlay
91 116 1000.0 2.0 overlay
91 128 1000.0 2.0 overlay
91 137 1000.0 2.0 overlay
124 91 1000.0 2.0 overlay
144 91 1000.0 2.0 overlay
164 60 1000.0 2.0 overlay
91 65 1000.0 2.0 overlay
91 56 1000.0 2.0 normal
88 105 1000.0 2.0 overlay
91 70 1000.0 2.0 normal
116 53 1000.0 2.0 normal
136 139 1000.0 2.0 overlay
116 121 1000.0 2.0 overlay
116 137 1000.0 2.0 normal
63 116 1000.0 2.0 overlay
116 29 1000.0 2.0 normal
106 78 1000.0 2.0 overlay
37 116 1000.0 2.0 overlay
41 116 1000.0 2.0 normal
25 19 1000.0 2.0 overlay
92 116 1000.0 2.0 overlay
116 81 1000.0 2.0 normal
96 121 1000.0 2.0 overlay
61 121 1000.0 2.0 overlay
28 121 1000.0 2.0 normal
74 121 1000.0 2.0 overlay
84 121 1000.0 2.0 normal
49 121 1000.0 2.0 normal
74 167 1000.0 2.0 overlay
96 128 1000.0 2.0 normal
96 60 1000.0 2.0 normal
64 108 1000.0 2.0 overlay
96 25 1000.0 2.0 overlay
25 136 1000.0 2.0 overlay
141 43 1000.0 2.0 overlay
60 25 1000.0 2.0 normal
124 25 1000.0 2.0 normal
59 50 1000.0 2.0 overlay
64 25 1000.0 2.0 normal
25 65 1000.0 2.0 normal
85 109 1000.0 2.0 overlay
25 71 1000.0 2.0 normal
25 44 1000.0 2.0 normal
56 20 1000.0 2.0 overlay
63 25 1000.0 2.0 normal
144 128 1000.0 2.0 normal
35 128 1000.0 2.0 normal
47 128 1000.0 2.0 normal
46 137 1000.0 2.0 normal
92 137 1000.0 2.0 normal
41 137 1000.0 2.0 normal
124 136 1000.0 2.0 normal
144 168 1000.0 2.0 overlay
124 169 1000.0 2.0 normal
124 28 1000.0 2.0 normal
63 112 1000.0 2.0 overlay
124 29 1000.0 2.0 normal
124 34 1000.0 2.0 normal
142 41 1000.0 2.0 overlay
124 74 1000.0 2.0 normal
124 39 1000.0 2.0 normal
30 62 1000.0 2.0 overlay
124 161 1000.0 2.0 normal
61 28 1000.0 2.0 normal
37 113 1000.0 2.0 overlay
32 28 1000.0 2.0 normal
37 28 1000.0 2.0 normal
22 78 1000.0 2.0 overlay
28 21 1000.0 2.0 normal
28 44 1000.0 2.0 normal
183 28 1000.0 2.0 normal
186 78 1000.0 2.0 overlay
170 177 1000.0 2.0 overlay
187 30 1000.0 2.0 overlay
115 37 1000.0 2.0 overlay
37 190 1000.0 2.0 overlay
64 145 1000.0 2.0 overlay
188 29 1000.0 2.0 overlay
87 191 1000.0 2.0 overlay
117 37 1000.0 2.0 overlay
194 34 1000.0 2.0 overlay
23 37 1000.0 2.0 overlay
195 155 1000.0 2.0 overlay
92 197 1000.0 2.0 overlay
172 155 1000.0 2.0 overlay
198 71 1000.0 2.0 overlay
